2 13010.993
4 6519.888
6 4363.164
8 3273.445
10 2632.621
12 2205.632
14 1946.655
16 1738.352
18 1586.290
20 1444.045
22 1333.135
24 1269.080
2 12997.740
4 6524.891
6 4361.332
8 3267.385
10 2638.165
12 2192.210
14 1938.167
16 1737.404
18 1583.834
20 1442.009
22 1347.574
24 1298.205
2 13010.703
4 6540.958
6 4375.318
8 3275.633
10 2643.835
12 2213.557
14 1936.577
16 1737.422
18 1578.386
20 1443.080
22 1346.507
24 1262.736
2 13049.993
4 6526.840
6 4372.064
8 3277.745
10 2635.386
12 2200.195
14 1960.057
16 1752.801
18 1588.018
20 1441.575
22 1339.898
24 1310.367
2 13009.462
4 6521.704
6 4359.246
8 3268.072
10 2639.979
12 2193.858
14 1939.400
16 1736.611
18 1625.785
20 1440.619
22 1333.543
24 1251.073
2 13018.453
4 6514.744
6 4376.906
8 3271.197
10 2646.260
12 2203.313
14 1939.506
16 1741.943
18 1579.564
20 1448.116
22 1330.512
24 1258.829
2 13003.521
4 6528.206
6 4367.345
8 3271.418
10 2646.240
12 2198.894
14 1945.980
16 1737.839
18 1583.639
20 1441.116
22 1345.107
24 1258.295
2 13004.266
4 6522.373
6 4370.500
8 3273.915
10 2639.863
12 2198.972
14 1954.419
16 1747.829
18 1583.037
20 1447.663
22 1336.423
24 1246.623
2 13009.137
4 6529.379
6 4368.941
8 3263.460
10 2647.934
12 2244.085
14 1941.984
16 1736.310
18 1586.728
20 1442.964
22 1340.820
24 1325.915
2 13007.414
4 6528.882
6 4363.585
8 3274.903
10 2663.106
12 2194.097
14 1949.176
16 1736.408
18 1582.213
20 1444.780
22 1331.290
24 1271.193
