2 13615.888
4 7618.065
6 5288.270
8 4049.130
10 3359.420
12 2797.788
14 2457.760
16 2178.460
18 2038.338
20 1874.008
22 1757.632
24 1672.757
2 13562.285
4 7618.928
6 5278.139
8 4043.316
10 3336.284
12 2823.292
14 2467.017
16 2199.579
18 2025.892
20 1864.381
22 1748.008
24 1660.269
2 13625.804
4 7619.415
6 5298.605
8 4041.305
10 3336.860
12 2809.698
14 2477.189
16 2151.317
18 2043.339
20 1880.349
22 1756.191
24 1698.903
2 13560.601
4 7606.806
6 5298.842
8 4042.455
10 3347.096
12 2802.749
14 2462.754
16 2178.219
18 2024.811
20 1884.565
22 1734.076
24 1648.884
2 13775.533
4 7617.025
6 5297.096
8 4041.410
10 3340.387
12 2808.564
14 2480.636
16 2191.031
18 2020.771
20 1863.979
22 1774.492
24 1650.244
2 13589.914
4 7613.284
6 5297.798
8 4038.830
10 3332.515
12 2785.704
14 2509.172
16 2181.660
18 1997.269
20 1867.109
22 1760.672
24 1641.242
2 13567.620
4 7604.518
6 5301.193
8 4039.241
10 3327.404
12 2806.962
14 2469.273
16 2185.069
18 2026.156
20 1879.250
22 1750.650
24 1666.159
2 13557.583
4 7624.740
6 5287.574
8 4051.075
10 3331.002
12 2791.816
14 2476.703
16 2183.951
18 2018.005
20 1868.574
22 1756.056
24 1654.181
2 13667.020
4 7612.275
6 5294.076
8 4032.036
10 3328.607
12 2800.358
14 2454.158
16 2174.934
18 2039.604
20 1829.643
22 1739.594
24 1671.035
2 13615.783
4 7614.102
6 5293.505
8 4039.850
10 3326.525
12 2787.058
14 2486.384
16 2181.142
18 2009.643
20 1884.665
22 1772.008
24 1645.605
