2 13067.707
4 6645.240
6 4537.159
8 3502.887
10 2878.877
12 2460.738
14 2234.291
16 2039.481
18 1881.301
20 1753.089
22 1652.865
24 1624.561
2 13072.282
4 6651.139
6 4531.373
8 3506.420
10 2876.968
12 2458.838
14 2233.562
16 2037.847
18 1886.075
20 1752.952
22 1654.979
24 1628.012
2 13069.182
4 6671.580
6 4526.923
8 3504.230
10 2877.900
12 2478.470
14 2225.220
16 2047.417
18 1889.831
20 1750.980
22 1663.970
24 1580.981
2 13072.008
4 6641.204
6 4570.632
8 3506.740
10 2875.104
12 2481.148
14 2237.644
16 2043.824
18 1881.657
20 1755.534
22 1661.703
24 1570.719
2 13112.990
4 6661.765
6 4561.013
8 3501.416
10 2867.509
12 2475.425
14 2237.323
16 2054.889
18 1882.824
20 1773.426
22 1654.111
24 1581.889
2 13071.535
4 6642.062
6 4540.548
8 3506.630
10 2888.010
12 2461.744
14 2253.304
16 2041.699
18 1882.691
20 1751.497
22 1653.304
24 1599.499
2 13070.117
4 6660.030
6 4541.004
8 3508.639
10 2882.419
12 2479.665
14 2237.566
16 2041.550
18 1895.835
20 1754.064
22 1653.914
24 1618.044
2 13074.389
4 6648.722
6 4562.041
8 3500.727
10 2881.652
12 2458.379
14 2246.099
16 2050.027
18 1887.470
20 1767.736
22 1657.118
24 1611.583
2 13070.813
4 6653.139
6 4558.271
8 3508.299
10 2897.217
12 2474.467
14 2223.290
16 2054.539
18 1892.575
20 1759.660
22 1655.364
24 1576.032
2 13131.049
4 6658.438
6 4524.116
8 3505.198
10 2891.554
12 2477.094
14 2227.109
16 2051.982
18 1885.510
20 1746.976
22 1662.381
24 1577.855
