2 13067.209
4 6708.989
6 4540.074
8 3499.439
10 2891.945
12 2478.270
14 2228.803
16 2052.159
18 1874.988
20 1745.670
22 1649.840
24 1610.512
2 13068.245
4 6643.990
6 4528.746
8 3508.250
10 2869.927
12 2469.242
14 2253.968
16 2047.074
18 1882.075
20 1744.452
22 1647.526
24 1611.770
2 13072.746
4 6647.883
6 4531.024
8 3499.961
10 2876.150
12 2468.423
14 2225.870
16 2043.148
18 1875.130
20 1760.608
22 1655.148
24 1588.474
2 13069.903
4 6647.261
6 4543.053
8 3505.019
10 2882.176
12 2464.490
14 2225.132
16 2042.798
18 1939.375
20 1740.907
22 1660.760
24 1580.036
2 13144.595
4 6652.809
6 4543.407
8 3499.722
10 2873.674
12 2481.521
14 2229.593
16 2044.561
18 1874.144
20 1760.355
22 1652.873
24 1575.653
2 13069.714
4 6660.079
6 4529.986
8 3492.843
10 2894.755
12 2451.243
14 2247.926
16 2043.652
18 1882.633
20 1754.593
22 1654.383
24 1563.830
2 13069.857
4 6648.221
6 4545.373
8 3496.039
10 2895.207
12 2478.809
14 2243.976
16 2108.769
18 1878.677
20 1749.297
22 1650.293
24 1620.154
2 13075.370
4 6720.354
6 4539.771
8 3491.880
10 2869.352
12 2464.306
14 2233.751
16 2038.025
18 1890.618
20 1741.794
22 1645.223
24 1612.405
2 13100.771
4 6652.594
6 4541.422
8 3505.641
10 2878.342
12 2459.128
14 2227.873
16 2044.599
18 1898.392
20 1740.089
22 1648.239
24 1572.222
2 13096.929
4 6655.953
6 4541.437
8 3515.955
10 2891.078
12 2483.062
14 2229.833
16 2040.382
18 1874.899
20 1754.553
22 1665.315
24 1579.384
